[12th RENESAS.jpg]
moddate=6fc6b778ddd0d001
width=5120
height=2880
text=1;137;13;12 th RENESAS;Jokerman;0.723667,0.104612,0.056458,6.283185;v1,4294967295,4280859946,128.000000,1.000000,0.500000,1.000000,400,2,49152;;
textactive=1
[IMG_20150806_142622.jpg]
filters=crop64=1,7b33639b233fa21;
crop=rect64(7b33639b233fa21)
moddate=9b45156536d1d001
width=2560
height=1440
textactive=0
[MBSTU unofficial Contest 7-7-15 Di-2.jpg]
moddate=b418729637d1d001
width=5120
height=3200
text=1;140;17;&#010;CSE-12th RENESAS;Chiller;0.337589,0.411948,0.089581,6.283185;v1,4289790009,4291837243,128.000000,1.000000,0.500000,1.000000,700,2,49152;;
textactive=1
